100
70789
82482
61978
13552
76885
31608
88059
29306
89718
8127
91865
43338
99416
50434
65508
41323
59402
33211
11658
15591
89439
62840
82875
11894
49828
53037
80570
43924
15064
47252
82905
50397
81124
93905
68602
26583
283
68612
25411
78636
94443
80295
24050
6884
1420
33487
90472
11490
75777
85817
4978
78786
30144
91066
51952
2921
31928
25864
97856
56313
13124
44982
45523
77111
26891
49614
74852
9013
25651
14693
69759
6391
72037
64178
63110
63284
42875
81449
12062
59607
35785
28975
89906
2554
18446
53774
22313
23800
23795
75957
77214
6280
87912
5262
10420
61157
4296
18881
82209
46652
