1000
49998
47142
91961
22237
54303
54079
30825
37347
29936
43558
88560
9793
76809
4539
51156
6275
46947
46226
17986
66056
51382
26191
20778
4203
22253
23677
84958
29040
28843
35811
25350
18248
12559
66856
26424
36316
67887
88216
66359
24058
22129
46771
14102
42367
95955
42205
85906
21956
32243
75444
80311
52416
77810
89961
11359
34796
93896
16760
30708
38875
3503
79044
99125
18836
95830
20331
90211
83892
54445
65189
6170
16167
82880
60974
49238
89464
79991
92453
50373
95390
92494
59747
90931
30728
74015
56799
52481
64951
92996
35066
94423
34178
6854
12921
39728
12317
58357
3469
43166
77323
80092
40132
49731
4246
30883
81885
71798
77927
10942
85162
84668
75157
12595
17976
66619
47136
64483
99252
64885
9217
28279
30431
30457
32514
60744
66681
61630
53731
54172
23134
72883
29064
67958
65663
44928
74564
78821
56354
9418
83016
40214
13180
85906
3431
10950
4221
26980
6238
62817
89036
24469
83712
44995
30410
83196
73804
54934
98721
67269
21955
61047
96442
87792
36175
90508
51603
40968
84157
1734
50648
13705
61312
62442
9713
59780
78470
22102
42681
95919
52237
3216
5472
16550
80931
61898
93476
2459
13311
71717
55620
76253
34219
15469
86119
53623
1397
76203
37982
95960
39387
61036
27333
21258
68422
60197
35948
49427
35369
1832
39560
13277
52344
22141
67029
74429
69991
86181
69148
92525
16813
68954
45157
67084
14979
68468
23624
45770
68076
7873
41716
5712
54835
5829
15237
53472
76895
18365
78849
80612
38444
7653
71351
75254
67004
97903
74689
92230
14872
61380
41219
43962
15037
17305
36654
37427
72165
60461
80949
79191
71693
51582
74513
19742
72324
5109
50140
36
60376
33484
72258
48056
50118
75784
40179
23352
86288
5536
85464
42137
82070
26147
566
32339
13268
52463
53914
26890
77191
95465
41255
5135
76383
76957
73102
45966
57939
1718
47205
15462
66800
27555
86744
88743
57040
32357
37072
90485
33162
82725
60218
123
29367
33574
71609
97025
57355
78139
80784
40010
82855
16470
95728
43997
64074
32223
82327
7791
2893
58208
17949
28934
32352
17562
25053
12120
99368
61870
29050
4369
52705
46174
28534
85661
80150
48105
33644
56126
27818
27208
80410
9316
92296
25484
76457
41554
48235
84475
61146
75749
40307
61495
42577
80068
41081
1834
68253
84895
62153
80948
59493
73480
51970
71848
1741
13682
73036
72449
83513
67043
32237
47004
28842
69211
74921
29994
66477
18492
78787
62258
8457
63761
82386
36977
12249
65879
17081
79223
70046
83845
38971
38757
41533
17980
28396
13833
75172
22045
85338
15866
38030
81811
16636
13933
54139
90304
75154
70740
83513
62757
99582
93702
23607
99792
72927
84238
67383
81301
74529
70023
16703
83605
18644
87957
38912
23527
21518
25608
27064
18927
843
77811
63888
75813
95121
22032
29303
5876
91883
31812
39926
87994
62094
2388
81244
19507
75786
87995
26845
66920
8353
68706
92432
46218
96796
54627
97322
49049
92790
16338
36749
43910
10622
36391
71480
64418
91691
98962
70009
44439
27178
98317
79493
63703
70744
99477
10682
34616
19811
18139
61437
34149
71530
24880
93309
97802
27600
40176
91406
96416
77200
40679
99697
78321
5905
30716
91367
4789
71406
24937
35625
84740
14839
59910
17541
43890
1401
72602
20006
26650
23285
16579
55962
44934
91985
82267
33007
15906
19577
98718
2354
62043
40236
36655
80501
14676
16965
74281
55919
93732
86418
83195
20830
39566
18124
9839
7563
50111
78586
13418
37761
7186
62875
84444
70628
34517
62792
93642
6773
26307
53662
74672
27240
81802
95199
78249
98785
71781
31993
30629
5581
28516
32617
37648
67450
38555
72776
97759
95157
98214
25204
48928
2295
6350
85711
41310
41852
35924
13132
21530
36503
56684
84150
370
54102
94255
75990
17192
6474
73460
55769
52777
45470
94707
50950
98378
47218
71307
93692
16625
18808
37603
25408
31764
49423
5914
12224
51704
40755
59791
28136
42321
23941
44553
39869
96414
4233
61204
97015
8722
98656
37797
89949
65716
27323
61511
87554
29263
57948
89047
36217
49911
36252
39650
3558
70809
95148
11230
51016
52277
82596
12258
99433
70778
69134
17277
51559
85589
96255
59402
81003
20364
62865
99710
97454
4703
36766
27491
61708
22025
90344
81309
95027
62704
29694
33208
1388
73997
8086
92828
79742
35530
4880
82074
49380
57143
98056
90840
50855
60425
30062
8339
5915
1027
36807
49146
69487
25972
67810
53919
16267
73041
18662
48545
76776
92144
62485
41045
58748
68535
64896
41056
95847
83732
5908
5467
99113
13734
87352
92289
62572
32889
42646
82606
24026
84395
92346
66478
72962
2330
54965
53768
78247
80271
33449
8402
98846
49387
39064
98435
35806
65623
79155
53137
70447
1648
85004
4526
55521
36141
15495
30207
5639
34631
24407
34512
26850
79138
36093
69165
23301
42298
74970
64787
63933
1043
32016
63927
88707
45545
60689
94424
99908
87554
19947
46411
18852
6069
26290
20163
75311
9397
46750
60604
24568
90407
32690
68106
6994
98641
30590
75969
48727
83927
4316
40470
94488
15204
17429
723
41139
20934
81451
45460
626
16057
8385
41861
28453
83119
66036
17458
67922
67897
54671
93784
5084
91854
76655
77074
60826
74647
62067
18056
47824
42658
33644
69032
96270
62113
20432
41535
68097
31962
91868
88149
12955
21716
43117
2262
61406
84077
26418
60584
3684
35329
98379
19934
31689
50997
21875
65857
99662
45054
89033
32486
3696
58110
37686
32441
67140
86842
93637
92044
68561
56049
90625
49519
33116
36946
95883
27398
9089
99337
81209
43919
95146
58467
47455
95151
37520
80028
15737
37897
40012
74938
54238
88344
6745
95184
49903
90640
37
7866
51078
36846
33609
79224
38353
94653
53618
55890
55905
45468
7073
36733
61154
92523
98841
90712
97390
69046
6301
28999
36495
94981
67888
50672
72326
10706
67351
19123
84301
65937
46617
79948
19238
25413
83899
10474
34723
38684
41881
66711
79585
43655
96061
98628
78547
24701
31123
69701
51536
87988
9024
71141
88997
86829
58576
18227
57702
91444
4641
97660
3856
8534
99938
62795
65998
83876
64571
97546
66832
20556
41776
82719
5635
54768
19333
38148
44039
48513
71167
22123
37947
75979
83385
26024
42341
76681
55167
20204
61735
70513
26594
58158
69310
14315
48811
36230
61701
34550
67074
81288
58552
40112
22727
69468
67796
9132
43658
