5000
1762
73061
67989
87513
99776
64082
44653
40021
43492
80807
2352
46577
21187
44242
83660
58480
26053
1790
68617
26149
93341
85361
89227
10530
73732
27763
68698
77665
42706
50235
69993
48106
63660
54638
60838
16008
26198
58903
48519
4808
95247
19100
78782
13038
8120
49627
83235
76233
70371
69122
71225
60424
4743
329
32381
54845
93798
50424
47454
8708
38064
50992
26992
4905
83874
32522
56126
65436
22212
96706
37783
38560
49355
8362
88856
260
32997
27826
33234
28940
36037
94257
5177
74131
87731
13811
77165
9481
93173
90539
84337
20649
66352
87953
2082
67817
44592
77367
6457
11115
54685
90975
72395
37959
25706
88609
79025
98840
88450
36294
20308
79957
36202
27582
3022
27508
8816
7519
87594
17557
22966
97656
5281
69289
30959
84978
11583
6727
67006
50240
86208
83390
45149
70511
48148
954
78612
24574
22075
34429
76760
34176
44538
76691
38468
20345
22804
46195
75904
26256
11610
22725
95883
75277
77103
61766
5749
5192
14078
35905
91310
53053
26484
65603
41756
19652
11345
86560
41446
55347
59195
99717
931
48002
16960
14607
45058
54368
14297
37815
87586
68125
60263
30244
57515
74928
22304
12051
55163
10480
11183
29093
53695
46423
13283
69179
95354
87009
32917
33725
99463
92615
73089
88749
95038
43023
28222
67481
38490
90631
44286
96449
85730
36338
89369
42703
92279
51346
77587
62842
55938
63181
6668
93051
19015
34397
3390
23918
12342
56058
59447
64685
56516
62767
42071
75009
34557
83499
52541
21960
96404
92172
67923
14772
81589
44963
23461
89596
50347
69279
55381
92687
62975
71961
63795
74756
67669
8850
8927
46839
44927
38757
79149
68877
70038
60448
39021
57088
72178
26512
25038
5010
22180
1733
46311
76276
64869
30369
38132
585
14781
62839
62290
39567
13912
20952
86340
31623
86197
37686
37239
53457
5588
34276
82986
21438
54048
86229
38138
58260
38705
48121
60829
34349
77487
71380
10690
52206
32252
52443
1087
23071
56867
52104
27518
17325
28606
28485
27820
65128
86782
86214
65402
65218
79691
50045
54393
38888
88393
59911
84620
46697
90146
22050
75799
38378
10516
98433
93126
42542
23684
57656
79846
93530
39868
60800
8236
90526
83195
61505
29148
13981
7885
75656
74107
79553
75604
2605
41778
61078
49044
82694
41651
62288
19838
15882
7153
39555
46983
58544
17968
67391
81879
42103
2614
97374
14821
35233
22761
42663
89872
9531
75270
38494
46524
62283
38948
80687
66597
87617
62036
33528
22482
5528
58591
42352
79867
46229
99723
7342
12891
66231
26671
35186
68110
8094
77079
86433
37777
25511
70983
99655
89506
96974
4497
86005
75972
48064
80490
32078
21560
19230
4959
83067
53896
46285
16160
73702
23950
86165
38016
75464
17028
96788
88600
43511
36724
48735
48534
93810
94561
85368
43780
79137
98775
35819
40869
6094
79126
55110
12174
93090
68421
2711
79267
86159
96898
77212
27205
53459
75949
18985
34775
72383
93616
71531
17032
93093
81369
51473
93459
44420
94447
82683
54812
58696
71342
70502
4775
53483
47976
50430
88334
13228
19533
95278
94288
75855
18758
68832
34131
58937
63702
11094
41230
80145
46040
3385
10777
25054
94718
4572
93966
74391
48123
47121
73099
91917
90944
60789
77381
78077
15805
10249
36382
22244
68507
26381
38715
38966
42705
38210
127
2575
92737
61996
56991
33390
44601
55014
47526
46145
29275
55941
94105
36263
49868
2927
77251
92041
26589
73179
26852
36672
47843
98509
42366
76863
28478
52555
26476
55924
86254
28114
34138
37604
25813
91986
45016
52259
89464
20963
86969
33740
33652
26818
83169
49684
88794
42829
78726
47025
97242
30635
81995
4138
59621
35588
41712
65190
76231
5801
79312
3756
6237
44259
59100
13005
84119
13888
54076
76925
47635
92780
14822
61425
73494
68022
40666
47988
73936
93403
95702
35195
22315
78418
78815
42514
1177
73497
15282
91950
1753
50816
57634
70777
80276
33243
24334
8853
65489
89489
61419
48467
54184
18796
37770
62647
30108
5689
64415
1837
43809
93490
55608
87283
8737
31948
66717
52234
14033
16328
84704
62524
67790
9131
3930
33511
38457
3599
48187
24668
61876
56945
13409
23404
89656
39569
90155
48785
63808
21155
70971
89397
44557
3753
61200
68910
35266
98903
51251
70060
55558
25869
81713
65093
43726
85109
41825
12758
61096
76087
69838
88256
24092
81041
54936
97766
96037
32009
98328
17740
62456
18671
22790
26300
78036
15298
95166
26454
1114
34812
82490
49948
41932
61047
14523
62060
75732
55752
58685
29583
73922
8827
67208
94199
78737
26040
75514
34540
37140
27288
28173
60167
5474
27268
87060
13024
95394
52204
42278
71076
89073
72932
6526
37717
23181
19007
46002
44919
52834
37091
4721
39388
12374
74253
47309
31418
61114
15281
63545
43075
78812
44531
68716
73521
83976
83647
20704
69919
78785
66547
44273
57045
94071
69972
34627
59639
90271
82434
6475
77823
17511
37180
74458
95072
25591
80425
56440
80720
77256
30841
84325
14699
83987
84275
15893
56897
43673
90468
95237
89957
97545
74711
68601
13374
767
12429
35078
336
89015
64737
64559
73822
94036
69838
6142
40695
81089
33679
61867
65136
44067
37641
22800
26208
22105
86412
95885
15992
53401
77402
62230
79414
9279
52045
92925
92566
86801
50920
88851
65702
33586
30111
51366
35835
61811
38334
46385
18734
87519
47412
68217
95668
34194
22553
5635
17991
95727
70583
51699
99027
21284
63454
58273
84450
93471
63016
50753
95624
81803
28602
21794
48856
2603
98238
73715
50413
47791
2908
48837
57050
28657
41501
30651
74354
50802
49924
12017
96568
72573
54536
67229
95181
55734
90078
20958
16532
65068
24951
9490
27064
11430
45162
21429
73557
69464
96368
40980
10679
77622
39873
48529
39252
52776
59603
98802
88169
63875
84324
14349
81663
44193
70006
28440
35168
2161
30308
52166
59349
58787
36698
82942
9471
76908
42258
76804
77433
48312
80670
75985
74352
65601
93339
17767
8494
58856
92504
46109
43218
54550
38966
59427
58327
64700
51845
18364
43777
11985
23694
20389
76723
51372
25162
27617
6507
56972
54804
21318
61754
94846
1327
80879
94513
96950
68124
84311
24731
18781
61512
18063
86702
15951
40729
14170
12704
38491
29614
85402
24444
79282
57459
83285
49725
24646
8380
49636
13455
56376
58444
48106
57106
28431
54035
78474
10344
90055
7627
74957
86473
99738
62217
73372
97327
24006
52624
262
53395
90201
80649
71213
15063
95840
7808
69025
30486
93209
48508
14831
91603
35484
60088
47265
54150
79877
96410
84693
70507
33677
25109
5152
3190
71425
11495
50214
56470
54396
56086
61477
97338
34921
30979
61704
56902
91715
52969
25832
53866
16374
44131
25290
73696
87279
97466
62643
5614
1738
73517
59390
62989
52536
16365
83399
94681
97299
70694
3470
15548
74675
19642
58388
63111
70042
73791
44782
67049
73697
55665
17704
78102
29639
39737
71563
61042
45928
38186
78191
24244
45891
30383
68771
56734
34053
25262
60264
77483
7909
25821
37181
11799
40006
69071
44885
71261
34072
99731
51249
15795
58398
48946
94236
73529
98935
9724
82560
68801
43105
15894
59994
84481
1866
94867
47483
25348
38768
96190
93992
38330
19948
85047
69979
61872
81690
65165
45611
84759
74635
35141
97850
9153
87688
62738
23331
98914
85298
59934
25745
36340
40349
69525
17366
59299
90381
10141
19619
45620
44761
53797
86917
42644
89389
14020
31393
3676
97031
29657
6100
76801
56656
98842
64116
64122
13776
7432
15582
21710
256
83334
3838
56952
806
45636
10241
89832
66078
32452
61208
53367
82731
88970
22782
82959
37920
68724
93059
63033
76842
70844
42840
13623
38276
50031
61660
41944
47170
74423
72395
69635
28581
90191
10348
77634
48361
15403
78096
37305
27354
73445
79122
65995
83695
71058
70041
21883
38640
69459
45775
56748
57933
2011
4270
6096
9961
81537
48563
79161
37876
36086
34832
21793
79925
8157
86177
57432
27015
56217
8494
25618
18617
83248
40917
74880
14603
95081
6577
11740
53716
68436
77275
83527
97803
20467
38007
84836
79776
8559
53326
85864
37344
72271
16127
63187
95007
22226
34815
80939
10380
60630
86536
3220
83514
78411
18279
36281
14241
55609
42234
26820
89143
10408
79650
23126
96963
32582
15946
15347
44305
58807
87878
45667
95104
23082
78360
39762
90120
61591
87860
15825
87758
16929
61209
70372
96219
99543
87262
99011
23780
64185
45349
97142
57146
28645
60924
72364
47904
87014
87555
94256
28949
88391
66250
58205
11278
99304
3610
48191
31300
82782
67809
92281
40038
83474
63640
55865
9625
22491
26289
24231
12817
18479
52080
79819
79793
2835
10560
20179
55139
32163
18614
73212
42686
18941
29563
61379
84733
38739
31017
85123
21364
76615
41115
60737
61511
86660
84526
93868
77238
74207
64535
39108
4878
86881
98985
42649
47398
95631
20174
9168
47588
86808
47900
15998
4729
63567
48989
53638
1786
36442
3256
8555
4958
3449
79068
86832
76912
45522
95322
873
39683
17586
45732
93787
17724
79749
50234
12988
58955
38102
21237
1851
61950
67942
67203
31704
74596
17482
57068
17119
4513
29845
75154
92087
31296
94179
10420
93308
96295
1859
80876
14539
20126
33361
8954
53946
20828
27507
28641
9701
78598
20084
23553
85393
49666
58724
27255
22015
32639
78173
51825
62963
44653
37206
72527
21155
51659
76653
2915
31261
21703
60562
67948
2988
81144
91385
44360
50607
66757
39699
74775
83975
32661
27636
58236
7382
34677
33092
4510
16861
40743
91830
32803
89268
70514
54858
23417
27620
53914
40142
68134
56088
71570
68183
38349
1400
374
71840
90130
9295
46256
93893
28900
16334
94595
87359
91291
50419
37249
72344
39471
71152
72623
22643
69350
70773
76240
41504
36839
5689
45828
62216
32638
22283
70939
48922
47831
78654
39026
89382
26488
99650
64939
38475
82085
15326
50867
29749
70296
94782
39109
70256
77970
47187
46457
36030
83120
18146
14273
80529
19726
80200
2464
81867
20118
31130
34643
15637
92737
69933
20002
12212
18443
24293
92648
58817
20644
98630
63503
10880
73648
49546
59162
20496
70962
74561
53367
69563
70148
15984
72504
40341
95109
54802
12581
51174
67473
58399
35289
85712
43929
84839
96387
45731
65488
44896
69607
86905
19501
35678
36558
90626
44008
10249
1793
78171
98758
46986
74906
83850
41238
5361
52829
82370
29959
81691
52172
23962
32120
53087
99626
1011
78916
76563
96363
99751
48422
70227
71671
11049
9564
42888
51493
85029
42547
68981
51789
13616
20540
63987
36043
96766
34875
49082
61952
27989
67739
74524
53492
46844
88520
29752
69995
2978
72608
73403
4803
59181
65285
54719
32869
86623
50606
26080
41039
36506
5030
24371
32156
7366
50782
55102
65492
87082
9559
26585
98523
250
52934
79518
51814
1584
16547
43842
64608
67941
24043
87145
47793
17449
45971
39981
24217
16774
48065
32133
2523
97216
53408
66650
4841
25870
32234
71546
7058
55025
69088
60317
48904
15919
91506
7261
51630
48780
19192
63819
99881
5327
89847
92936
71998
74272
85276
80515
53281
2514
36948
19037
67492
43402
80788
40411
42550
79837
28872
79986
86932
69694
50134
12948
11434
30428
33820
4593
35699
36935
32616
74721
38634
38614
48095
34811
67594
2523
68774
20706
78505
33527
6146
79806
45844
44079
44298
33713
49826
49747
9820
1882
81675
74817
40530
76628
94762
75766
52217
34306
39270
73842
84873
42538
64130
92106
70164
82370
13855
10222
57410
60893
43822
83589
76678
53889
11168
2733
59044
5985
55532
43295
43445
27474
93481
83957
45884
55560
93967
70120
56890
81496
45970
80429
76124
51412
47293
68620
52868
73670
56567
81198
73127
45656
7667
31820
64989
80670
41033
9406
28070
14182
4742
16318
2153
49415
63482
97363
60762
68319
82016
89371
79640
60157
62932
54438
98254
90208
23810
82475
77567
66946
97431
58604
50993
75386
71099
26582
773
77929
43619
29972
65482
44176
93685
32346
12066
25681
6684
56367
12491
26862
58298
14436
58085
57783
21970
81870
2031
57185
49662
10815
80747
86963
42207
18666
35888
89879
95825
12613
7755
73985
52223
75165
11865
74070
39731
57545
19576
87311
8102
73893
62763
92628
40450
14972
50732
41649
23826
38429
24543
83882
33146
10673
60694
13795
4630
48424
43963
64195
93804
9094
80792
60903
42370
97610
13275
30794
56532
11523
99764
44786
57411
70548
62222
41882
63286
38918
58809
37808
62553
11486
10656
1227
96295
79054
91669
36562
7071
52731
96781
6943
75201
74435
12656
61760
98261
95959
50815
81717
15496
18890
8110
2385
56478
79731
82015
88590
90355
77685
10342
52884
75591
79514
87304
36055
98794
41662
95119
54048
29991
60002
67322
64533
85880
84631
17982
79318
25563
66348
21639
72043
97965
5759
20947
59151
61593
27514
90800
35847
74630
11847
85360
52032
39273
56760
29811
54228
41727
70749
22544
11935
31638
58154
10099
72000
71645
48470
38439
31487
66237
91345
59293
93940
62626
59004
53785
59897
24539
94190
93441
60192
53545
64488
3834
39472
82057
91035
22498
46526
54262
95284
48446
72029
82621
57567
37805
72519
93466
47289
16452
53957
42425
18913
78725
14200
18657
92181
23979
22116
99160
22587
88983
559
62763
42494
74371
39633
82812
45002
73721
6738
93071
51440
83152
71104
59494
58358
16588
59593
32258
20593
48799
61059
16667
60043
73554
42790
38218
38323
22525
13672
22333
29371
17751
27527
18621
9050
72276
37032
10055
11510
59729
38147
29178
99689
30024
1302
85551
69150
34487
70539
35014
93829
54382
30362
11567
64389
91170
86537
18082
89358
94469
41178
36020
61168
21906
5264
40980
54089
10455
20344
28034
89665
29711
45259
66554
6398
9005
41368
83550
5995
46311
52516
36367
5867
54606
78438
22450
58661
73145
86210
64487
75017
38670
70773
23471
50349
79235
69994
80022
19337
83943
76564
87583
27257
80431
8899
50656
95664
27589
71920
87873
41143
91538
88241
74892
47771
97716
19746
81395
36861
7630
16155
51676
4312
40523
4127
8179
1772
85314
90006
94058
15311
13626
67890
95238
10267
3272
33509
28474
38178
74834
18516
36386
74705
32318
5571
1420
947
81718
14291
87637
29489
20043
33751
77599
65491
95120
23032
86579
35295
64856
95336
80612
34641
61629
58920
38958
28541
6109
33985
68028
12933
80825
83570
65698
36582
21794
80329
5920
76069
70025
74455
288
76552
71391
21860
12946
7582
67419
84068
3461
45852
33659
20740
85086
12385
7205
95956
8218
77521
93870
99598
69648
87021
84974
37189
36447
39209
84348
95623
88914
31449
27658
31492
92543
51923
32736
80624
57050
22952
70068
16820
63773
24238
35306
74574
89328
31779
96919
81823
9129
27058
67
33623
55078
64737
38401
27456
38554
71607
82538
76576
34381
69430
4959
66959
13220
54567
65645
77255
47081
3821
40867
64138
14069
71632
5599
91877
26706
85560
43116
18287
21217
26602
65925
23605
42718
75947
10410
35184
48652
34847
88257
66892
34350
96066
96534
7689
86749
69037
8044
23256
22044
22032
67277
99194
7515
90953
16192
71948
59599
58776
68018
73889
89213
55118
12102
63695
74856
20807
23762
29199
98513
97874
96697
17869
40730
76237
25223
67704
81799
84883
24671
94877
8938
32054
66263
27831
84894
15153
35711
47741
7268
8952
82483
85510
50366
65979
37086
19287
13586
46257
16850
828
95276
57948
75240
28629
10851
10909
31372
85781
67619
51143
14745
38172
25800
22607
84527
31605
35776
5787
33962
27093
22301
83027
31844
30691
12587
89472
36375
20879
37065
7876
95207
78733
95557
46502
60958
68168
8271
31792
13885
61349
17806
33588
99397
50778
51254
26168
34585
81009
72773
49349
29933
52887
61092
37126
11128
41063
13982
33198
50347
1373
20431
33203
56081
25216
96099
11106
97754
32389
38655
36868
26470
95099
2590
15149
29255
68661
11363
55003
92251
31069
93525
82934
31408
15918
20471
5518
58935
5414
22311
43252
54209
98658
99652
43009
73231
84130
93805
88500
83341
46126
47731
53815
63165
69339
60770
63960
73881
6256
58362
51487
81012
81776
24087
95782
90328
60286
95902
84281
15938
43751
31469
51003
69417
4233
62416
8175
22310
64693
54614
47742
25861
19694
29020
18403
86523
64272
92621
61884
959
42221
45125
78265
90986
15223
41906
84622
59386
39439
45381
19270
23215
62891
95489
72656
19251
33988
58190
4047
30469
56079
98446
49312
79265
71040
40248
27722
58947
8820
43589
666
52191
30150
37969
93726
74620
7506
37928
23940
90295
67581
45967
71620
40117
70509
45473
66226
32155
70636
22954
80955
8108
36606
88576
66605
69928
98412
79118
80582
776
7951
78180
66828
4048
40450
82097
80497
59350
14595
6633
9427
83523
89308
1006
92953
1190
7154
75017
5721
47043
3466
29844
79814
73354
23322
64301
61603
41121
54208
5235
233
75585
86435
79534
38901
49487
26381
68977
23490
49249
16410
78578
95834
97169
41784
71952
33284
33671
9091
4630
95072
92328
31647
58195
43361
36097
53991
25953
63777
97511
94442
63672
20459
47044
22638
24000
45407
92826
96603
95083
30396
95824
17712
43689
50299
19964
82243
9601
49147
68981
40677
54893
27676
10107
46824
67986
64631
13600
26689
25401
65060
24913
46617
41959
74768
16407
42261
32858
88435
12247
69959
75012
45003
57403
31911
45179
4806
31123
94570
53645
27218
33032
49509
65747
45970
26094
86662
73534
87086
9453
95988
88683
58000
6778
99544
73691
62768
64169
26453
45870
66043
71555
864
7460
12458
36382
11950
51988
80032
47287
82261
3123
96616
66174
49740
7201
90524
83153
5613
84456
71471
17584
66974
99619
12435
78119
52614
69800
63501
97817
43870
26765
21567
42463
89764
83239
51905
24343
75689
41540
69159
27150
81160
35923
48932
34581
70203
9037
80927
93896
87727
54021
39525
74063
61521
61763
90322
90431
35706
98804
51664
19877
2468
34345
10379
1141
91562
10704
64977
98183
24729
96384
84089
93532
54058
46307
27073
40248
87933
79080
71039
35251
40010
24207
21129
58155
21543
66229
92987
74701
73231
75023
41466
48791
52204
58520
48709
5646
18654
43296
11630
12529
89825
55453
36886
59499
75896
31096
40403
31263
70110
66571
54793
75050
67679
30141
17421
4576
87173
39942
4119
12180
14974
52612
25477
77420
7149
22625
15057
52962
69397
44135
94776
56668
35912
15968
70678
62834
47166
23600
38522
10306
64152
18
52717
84742
62136
58983
12171
49097
3955
29795
86043
81764
15509
58079
96238
88344
5694
62311
51568
83964
53409
42735
3621
6532
6161
50687
9954
84942
14033
87213
14249
59648
29807
32717
3957
97419
2880
87858
49939
4505
76237
3363
93427
64473
36683
16413
35162
51470
75915
32232
46922
74388
14461
39596
46543
26852
88525
24088
38285
30610
52562
69422
71240
86088
37236
6487
31748
50569
15969
70947
81625
37478
87551
71662
47204
35203
70012
84435
97880
18761
7224
90509
36915
67597
56308
67318
5476
97077
97918
53744
39146
13065
79569
73559
90535
31358
39365
13464
82721
48706
58238
33592
53115
61561
67429
47536
94709
60122
4485
85717
7060
58931
84581
16279
632
2991
97985
50644
33696
11137
62173
37168
98988
2910
23561
28720
88722
26676
81312
90786
54496
56123
12155
73167
91477
7891
91502
85153
92913
47911
19538
70963
28293
24081
17626
65230
96611
44928
50411
15613
29440
2256
19990
34297
38393
92346
59685
27557
11024
43474
26785
37779
20442
55468
60836
73940
29800
59449
6397
99765
1221
83779
38833
3268
82762
90099
61884
52970
33981
69520
94441
23426
70304
50352
38651
73955
9790
17856
60571
1211
92855
97991
82507
36817
94428
80444
8523
20642
83498
92310
1576
98769
95473
68554
45721
67170
33357
28692
70252
64874
24200
39362
14316
71645
92852
94214
84692
81836
54870
66352
22682
89881
33783
65006
23353
42708
58482
10584
14616
1809
57753
14052
5097
8536
10712
27112
38815
61153
3736
95947
28840
55961
341
5837
79155
32736
66922
13556
70481
99188
4535
22042
36370
99692
44641
40625
95089
53268
54257
76243
31691
75777
63828
70178
21829
74910
59621
9059
44638
24984
35885
81692
56415
6197
97149
13228
34298
38418
64473
60979
15348
16466
23295
50807
50928
26285
25494
23461
33626
34690
99464
26344
49336
62614
92666
22496
62602
99890
77794
53865
74526
18221
98908
60733
27671
47846
49763
88954
74513
78343
15331
69735
80718
96921
85978
50834
52712
61578
75066
21022
2043
99026
46564
60940
89739
83835
64600
60894
93573
82908
29842
95235
86693
68680
76074
59289
12887
79063
56477
89061
23496
64372
55582
97024
54227
70838
48863
1981
44544
98267
45437
70262
26478
22701
11698
69807
94486
26869
46773
12421
44777
59491
32237
97408
1511
86829
82261
83370
24122
52065
44875
26942
82095
59289
38433
12453
82145
92665
94247
46287
3798
26515
84786
90398
77724
44787
94347
77094
4944
65250
82314
18500
10179
76717
27293
60394
25104
31593
2056
56555
54798
51714
53706
13924
38468
92685
16633
17331
10260
97185
90891
39999
10018
13795
40960
46337
55715
35602
89107
71082
6306
54147
86099
72129
64794
38587
98197
73551
52954
84675
39846
75643
328
74051
87798
78613
4504
67672
38331
60991
92037
96501
92760
31320
48305
86114
68428
80456
53839
11628
99778
72262
49374
10098
88774
27926
52704
40309
29835
96774
25974
61517
87166
73446
9302
69892
16941
61564
53675
20661
23585
78142
51655
4727
47114
75073
9190
8584
23753
56069
5594
5694
19483
75087
26689
82919
14609
18181
25056
47333
34708
28856
69197
69016
48195
35577
23860
23237
3401
83019
3608
79744
5181
51179
47062
37978
40876
10443
22776
12766
37663
80960
61955
6214
27459
52784
55749
85289
12864
40046
24875
66175
11662
35311
38876
66836
67010
99811
45207
71921
52737
84181
54405
42892
60707
65752
36496
52580
50276
21628
19821
28825
24533
25625
64082
41227
71360
3315
43368
42667
4404
8043
17023
4862
10508
79407
80829
56463
89390
7674
49571
92201
67014
68598
61942
88823
10714
92730
41469
13699
91063
32973
65671
69280
20005
74393
79576
53449
2411
96009
43490
56052
24949
52308
77176
65446
89728
48449
81308
83527
65526
73236
58249
38956
18406
82664
26626
21199
2060
52729
48101
52719
30743
17250
73358
6374
12349
5047
46950
73003
50515
18315
36210
64995
37852
11260
2061
98342
10998
72419
35309
97278
74032
19248
26270
59841
26933
4396
92069
96490
69335
22835
26661
31239
62978
12636
34009
54625
89259
31725
82260
63500
39144
34899
95300
84500
82588
42408
92626
65559
63027
5379
22014
44922
54572
94359
73170
44786
7954
20226
72179
92950
13840
69030
34467
36281
17812
53690
7202
69913
15585
54388
52678
25253
45522
86097
97884
76017
22574
78632
89924
71310
90250
89436
64370
70477
85241
97673
42720
34854
85914
22738
65138
62525
93499
98417
79178
70398
51421
94871
29567
10165
8672
62263
33040
20794
8898
43763
59781
90157
56739
68329
84128
20025
35669
67012
35041
62299
36921
44845
82079
34775
70446
88581
99882
24999
50815
92241
52015
47744
80
35123
39475
40319
80075
46490
3511
4104
64009
63534
59722
33406
23688
28805
90138
53882
341
45546
76102
33048
27537
54390
61058
46152
16636
70337
33987
49968
78626
36420
66767
50430
7079
47564
87114
96748
5827
1303
83592
49262
76694
11134
47779
29231
98708
1647
81890
83389
60850
41793
72793
45850
63473
96003
11336
96048
28212
52217
2252
62228
56327
66391
12924
60569
21334
68579
71858
83715
83806
39201
37653
78394
54093
16434
88230
10869
52557
22187
52794
99021
97526
24260
87329
70008
72586
15269
44465
95647
96518
85566
4809
4297
47743
35146
37193
21434
96978
57982
15698
98434
77718
9367
68619
39388
22062
29584
75876
79829
82344
80889
23436
86244
72557
95428
35423
32596
17438
80704
45413
66820
33679
94221
49820
40085
78962
72220
82077
74003
40275
64555
12985
99877
96123
7524
90556
97241
55716
25717
53488
79498
45298
22499
91806
59380
63720
34089
62489
29834
84067
97124
15482
75125
73424
25440
70935
49256
34185
80338
58003
30530
9069
68369
25988
59035
99689
67649
48671
43927
99041
61517
55863
8396
64342
29055
27744
82117
34831
69934
89152
20087
30601
97616
88345
85470
5246
74839
26637
68669
22185
3513
96386
16359
6116
4232
71139
96804
73939
52544
36786
65758
81066
78500
64622
99941
69063
17689
85371
31474
53005
47689
38134
99873
56491
23624
36460
49984
58613
43578
38459
73841
62167
36764
91466
20211
78012
70176
39025
65582
57746
46556
55446
44854
5437
38405
56722
16151
15854
59781
39382
54651
9545
43159
7093
76038
20052
47654
23336
98684
36928
91162
98918
40980
44118
76790
18344
40255
34935
67979
44702
68499
74275
6709
81505
40981
29905
53387
14650
39993
68904
60926
55699
12987
71931
57629
25709
95161
29923
82283
45445
77453
4283
6805
58941
16869
52641
91288
48359
32281
43781
27273
17459
45312
22181
41366
70094
52266
99773
55155
30687
5887
85721
12137
54863
60680
21245
53153
47576
83658
94525
39991
21526
938
98899
10179
35167
79455
89389
21658
83514
40290
64773
34457
21889
58998
69184
79118
55873
35338
60353
75795
60714
54272
10530
13059
2012
8459
3517
96949
76282
92731
6409
33859
96806
54321
65020
4918
14724
64697
94404
53087
72224
40309
47719
27247
48678
37679
33789
82257
65857
52934
58930
9894
57698
77714
2502
26441
5360
8456
18709
40885
71390
14261
13224
48762
36183
63309
50429
12294
68386
20891
33990
30803
7800
11922
81916
80455
76066
14431
49615
50558
73823
8739
56063
63073
50193
84744
22623
38156
33604
75367
31484
46978
74989
49616
3953
28978
83143
79615
47935
73505
32459
47463
41899
87295
93573
95122
17356
20590
46096
66308
82975
98288
36072
86866
72389
10427
45272
75152
75022
49387
27783
33848
8969
36791
89410
26076
26770
42728
35527
34609
68461
45935
98504
41430
95711
54854
28728
60655
89857
36203
54354
87
82641
61274
22924
94772
60496
39376
79970
36506
5239
72731
39099
40774
77721
67804
26154
95262
19405
39457
67811
46639
8388
12479
5073
89995
97257
81859
41279
82621
4859
13500
18129
78355
65017
80088
8528
41185
10655
31060
10474
53143
18524
81792
35878
80536
57607
30816
99475
6502
25817
78184
98826
31274
1264
85797
84872
45514
40443
14622
97741
4521
30880
45168
36890
27733
79406
99805
89797
65963
17827
41755
7523
99718
87481
70554
65376
47933
94557
85869
24377
15667
67383
39710
84015
21928
62608
79401
10998
23476
33964
69037
5618
81086
91754
8778
3690
30065
68240
13067
69080
44287
28440
52027
15600
52893
6581
47516
56204
74830
52970
16774
4201
66385
7563
7735
79633
83832
64302
20721
76096
13771
20423
51141
76387
71633
13417
51209
33946
98801
87265
31174
77446
82209
40491
36572
84993
20806
85096
1695
95523
8604
16723
57530
11715
93181
13664
30194
456
12581
61865
61444
59002
75546
21151
6185
98222
23456
22595
6397
51441
79207
12552
25847
63687
89659
41349
4143
76389
4897
78510
82492
17549
95980
90330
27330
40514
28551
39081
7751
38738
68926
25650
27804
13407
93058
76986
50506
77940
61205
48667
19888
21857
99573
56457
64300
53697
76888
54621
73120
51073
37537
86471
10859
56277
51040
63252
40937
86784
38452
23557
87422
10186
57715
16701
91221
69029
68966
1443
51858
71743
17697
90429
17400
33000
92369
88024
16270
65226
37106
71675
16820
67759
72789
25194
59267
22462
31206
68792
86368
23528
65935
35302
21189
83295
91879
10271
16226
25278
19768
77025
84494
36314
19027
45891
66196
33939
38118
33013
17928
16754
57454
85521
66644
85277
70084
18068
28282
28753
54311
71360
5963
18611
67306
39739
827
53562
76574
89427
27188
62298
41967
92587
71906
84720
76806
28237
40303
28948
56306
31188
37300
49748
94526
23243
83974
49044
405
64213
94253
1636
35449
31622
38503
7290
19760
8030
13323
94898
29302
69427
85694
40072
42543
76773
74805
40958
4869
95001
48638
19480
47263
39628
50020
93424
24987
55692
75653
83776
84362
24941
28155
64147
40075
47893
96304
67524
48772
42957
56121
726
95146
57903
28084
50175
3871
13930
11230
70768
88599
40860
35257
90954
88063
75731
16691
35745
53733
92413
83884
96272
84745
15075
93728
7763
69034
73702
32764
21744
9101
27492
56667
9696
62220
52508
63092
51841
42554
19176
8041
76759
12045
80053
16462
52934
27872
52410
47416
29882
1173
55181
1622
50825
2116
91305
23905
74829
56193
53635
59228
8440
776
65832
79192
19636
52899
21951
82403
62569
91851
57643
46986
95120
51394
58867
51733
22622
55095
51035
90465
7803
6861
54432
92898
51252
25887
77893
6728
81814
78808
15497
27833
15445
2724
70405
74136
58966
22627
75416
4247
51692
20448
59644
3903
84689
5929
31648
58267
70817
32193
14331
80792
18763
12361
95113
59352
43079
11647
37579
52112
90989
69575
35145
93432
74550
61767
46034
64132
55970
31624
39060
51359
93817
9649
69728
24634
41241
57343
50979
61577
62178
16608
26453
95350
38802
1842
33894
46407
54286
93124
8814
18694
64372
64138
11681
63584
96078
30279
96284
87153
45563
11155
6413
93856
79156
19112
76723
22358
33014
42913
76761
86837
86815
41984
96216
42063
61980
69752
55577
98061
92510
61053
4796
84753
83778
51243
31280
53872
95991
21572
96933
18224
21550
79719
25834
7124
33053
38217
34973
52766
1438
17416
30391
59742
94490
88387
81970
28863
91952
41230
80497
11001
52866
15984
8316
20353
19686
50798
73036
62591
8602
52294
34942
49932
70496
55657
75036
99633
22988
78495
94403
73201
62646
60291
51430
18516
40916
418
44537
58151
57580
4655
49647
67802
43443
8938
56902
52295
98262
59699
55784
8946
74840
29576
44021
37435
59247
99937
54245
10596
96452
21014
9450
14946
23499
73131
90637
87105
99688
55987
68120
25318
78573
48987
67601
92717
35495
73763
2531
1750
13683
7136
3265
91051
66894
20662
71772
61421
58301
49233
59683
47860
98782
15390
94575
85124
74183
72116
56055
76828
90485
10865
55430
32166
26502
68920
19785
15912
87857
23144
63530
70892
43829
82291
8746
927
65955
4202
66972
11719
23577
92202
63185
7173
59412
89077
92981
25048
47999
77451
72199
47760
9249
6865
95810
23648
8175
87855
6015
45386
35292
72495
71439
38938
23655
80229
61656
51253
89273
80754
82521
64315
76604
6897
79200
84200
12551
50319
83066
16639
44731
87270
52641
9551
34632
71798
44876
33832
96126
60510
72554
94924
49695
61749
21271
63131
65852
22980
13130
1655
88744
41457
73598
83838
82837
60631
76940
33377
46334
19590
68190
2747
46419
19451
99671
19289
29474
59991
19992
18736
29245
56219
6916
61080
11615
58435
67827
81632
92271
49449
39867
41808
78108
88605
61129
48575
49734
77653
30807
11861
87083
37549
70669
68997
23885
52978
68932
99364
19521
16763
39644
50041
87707
70683
68987
43771
15710
88898
30619
5748
68682
8570
52907
16022
67511
98844
69562
52221
58450
70621
50300
35468
40321
53391
86538
35652
42130
81379
69612
86465
19723
31511
65924
4728
17905
42560
60669
15132
48230
7825
14245
44673
15524
82989
37201
61966
97227
66309
67202
48920
15614
39501
2807
53117
93779
33607
78457
14864
63808
49195
13149
39271
4388
20965
36516
48437
23892
97812
40170
17235
9446
8787
4119
52314
96689
1927
34709
36039
41852
4769
9820
49637
47178
77416
77439
9505
80668
63395
98975
7578
52472
34189
68841
24950
2463
50695
29656
82274
55454
96049
24507
49641
5849
186
87802
5430
90770
69071
40054
2814
15895
5423
58485
47697
9732
15415
86768
97792
2867
34011
30002
2088
93143
30223
81979
62855
53657
7809
60877
74962
2156
68226
12228
56534
70736
63087
26915
74372
68603
74244
95537
48532
41250
73442
91803
40415
42504
47271
46508
86786
42419
64443
32574
53238
49016
10044
68607
45171
94922
48484
59603
20952
10142
93765
73506
78886
71782
71324
21920
37825
36367
74305
31421
67896
80813
13604
40780
16929
63510
